89 -5 -82 17
28 35 0 0 0

Coordinates
1           23            6            2
2           23            6            0
3           23            4            2
4       20.219            6            2
5           23            4            0
6       20.108            4            2
7       20.108            6            0
8       20.108            4            0
9       16.978            6            2
10       16.656            4            2
11       16.656            6            0
12       16.656            4            0
13       13.265            6            2
14       12.735            6            0
15       12.735            4            2
16       12.735            4            0
17       9.3437            6            2
18       9.0218            4            2
19       9.0218            6            0
20       9.0218            4            0
21       5.8916            6            2
22       5.7808            6            0
23       5.7808            4            2
24       5.7808            4            0
25            3            6            2
26            3            4            2
27            3            6            0
28            3            4            0
EndCoordinates

Elements
1 27 25 26 23
2 26 28 27 24
3 2 3 1 4
4 3 2 5 8
5 27 22 25 23
6 26 23 24 27
7 22 27 24 23
8 24 22 23 20
9 25 22 21 23
10 22 21 23 19
11 2 4 7 8
12 4 7 8 9
13 6 4 3 8
14 6 4 8 9
15 21 18 23 19
16 19 22 20 23
17 23 18 20 19
18 18 20 19 15
19 7 9 11 12
20 9 11 12 13
21 10 9 6 12
22 10 9 12 13
23 21 19 17 18
24 19 17 18 15
25 8 7 12 9
26 6 8 12 9
27 19 14 17 15
28 2 3 4 8
29 17 14 13 15
30 14 13 15 12
31 14 11 13 12
32 15 13 10 12
33 19 20 16 15
34 14 19 16 15
35 16 14 15 12
EndElements

Dirichlet_X
EndDirichlet_X

Dirichlet_Y
EndDirichlet_Y

Dirichlet_Z
EndDirichlet_Z

Neumann
EndNeumann
